[thomas,679,686]
1,4,6,7,8,9,11,13,14,16,17,19,21,24,25

[thomas,696,703]
1,2,3,5,7,9,11,12,14,16,18,19,20,22,24

[thomas,699]
2,3,5,7,8,9,10,12,13,14,15,18,22,23,24
1,3,4,5,6,7,8,10,11,13,14,17,20,21,22

[thomas,719]
1,2,5,6,7,8,9,11,15,17,18,19,20,22,23

[thomas,729,736]
1,3,5,7,8,9,12,14,15,16,19,21,22,23,25

[thomas,742,749]
1,2,3,5,6,7,8,11,13,14,16,17,21,23,25

[thomas,757,764]
1,2,5,6,7,8,9,10,13,16,18,22,23,24,25

[thomas,762]
2,3,5,7,8,9,10,11,13,14,15,17,23,24,25

[thomas e monica, 776]
2,4,5,6,7,10,11,13,15,16,17,20,21,23,24
2,4,5,6,7,10,12,13,15,16,17,18,21,24,25
1,3,5,6,8,10,12,13,15,16,18,19,21,23,25

[thomas monica e feijao,787]
1,2,3,4,5,7,8,9,10,12,14,17,18,19,25

[thomas,886,887]
2,3,5,6,8,12,13,15,16,17,18,19,22,24,25

[thomas,896,907]
3,4,5,6,8,9,11,13,14,15,16,21,22,23,24

[thomas (inc feijao),908,919]
1,2,3,4,5,7,8,9,10,12,14,17,18,19,25
3,4,5,6,8,9,11,13,14,15,16,21,22,23,24
1,3,5,6,8,9,11,12,13,15,16,17,18,21,24

[Thomas (experiencia), 909]
1,2,4,5,6,7,9,10,11,12,17,20,21,23,25
2,3,5,7,8,13,14,15,16,18,19,22,23,24,25
1,2,3,4,5,7,12,13,16,18,20,21,23,24,25

[Thomas (Jogos regulares),920,931]
1,2,3,4,5,7,8,9,10,12,14,17,18,19,25
3,4,5,6,8,9,11,13,14,15,16,21,22,23,24
1,3,5,6,8,9,11,12,13,15,16,17,18,21,24

[Thomas (Jogos regulares),932,943]
1,2,3,4,5,7,8,9,10,12,14,17,18,19,25
3,4,5,6,8,9,11,13,14,15,16,21,22,23,24
1,3,5,6,8,9,11,12,13,15,16,17,18,21,24

[Thomas (Jogos regulares),944,955]
1,2,3,4,5,7,8,9,10,12,14,17,18,19,25
3,4,5,6,8,9,11,13,14,15,16,21,22,23,24
1,3,5,6,8,9,11,12,13,15,16,17,18,21,24

[Bolao da Independencia, 952]
1,2,3,4,5,6,7,9,10,11,12,17,20,21,23,25
2,3,5,7,8,13,14,15,16,18,19,21,22,23,24,25
1,2,3,4,5,6,7,12,13,16,18,20,21,23,24,25
2,3,5,6,7,8,9,12,15,16,17,18,20,21,23,24
2,4,6,9,11,12,13,16,17,18,20,21,23,24,25
2,3,4,6,7,9,10,12,13,16,17,18,20,24,25
2,3,4,5,7,8,12,13,14,16,18,19,20,22,23
1,2,3,4,5,7,8,13,15,16,18,19,21,23,24
2,3,4,5,6,7,9,12,13,14,15,16,18,20,25
1,2,3,4,12,13,14,15,16,18,20,21,23,24,25
2,3,5,6,7,8,11,13,14,16,19,20,21,24,25
1,2,5,6,8,10,11,12,15,16,18,21,23,24,25

[Thomas (Jogos regulares),956,967]
1,2,3,4,5,7,8,9,10,12,14,17,18,19,25
3,4,5,6,8,9,11,13,14,15,16,21,22,23,24
1,3,5,6,8,9,11,12,13,15,16,17,18,21,24

[Thomas (Jogos regulares),968,979]
1,2,3,4,5,7,8,9,10,12,14,17,18,19,25
3,4,5,6,8,9,11,13,14,15,16,21,22,23,24
1,3,5,6,8,9,11,12,13,15,16,17,18,21,24

[Thomas (Jogos regulares),980,991]
1,2,3,4,5,7,8,9,10,12,14,17,18,19,25
3,4,5,6,8,9,11,13,14,15,16,21,22,23,24
1,3,5,6,8,9,11,12,13,15,16,17,18,21,24

[Thomas (Jogos regulares),992,1003]
1,2,3,4,5,7,8,9,10,12,14,17,18,19,25
3,4,5,6,8,9,11,13,14,15,16,21,22,23,24
1,3,5,6,8,9,11,12,13,15,16,17,18,21,24

[Thomas (Jogos regulares),1004,1015]
1,2,3,4,5,7,8,9,10,12,14,17,18,19,25
3,4,5,6,8,9,11,13,14,15,16,21,22,23,24
1,3,5,6,8,9,11,12,13,15,16,17,18,21,24

[Balanceado Pensado e Espelhado, 1004]
1,2,4,5,6,7,9,11,12,13,16,19,20,21,24
3,4,6,8,10,12,13,14,15,17,18,19,22,23,24

[Thomas (Jogos regulares),1015,1026]
1,2,3,4,5,7,8,9,10,12,14,17,18,19,25
3,4,5,6,8,9,11,13,14,15,16,21,22,23,24
1,3,5,6,8,9,11,12,13,15,16,17,18,21,24

[Thomas (10 Fora Grupos 5 Score),1015]
2,3,4,5,6,7,10,11,13,15,16,19,21,23,25
2,3,4,5,6,7,11,13,15,16,17,19,20,21,25
2,3,4,5,6,7,11,13,15,16,17,19,21,23,25
2,3,4,5,6,7,10,11,15,16,17,19,21,23,25  
